	model_id	train_score	validate_score	score_gap	test_score	learning_rate	n_estimators	max_depth	min_child_weight	gamma	subsample	colsample_bytree	reg_alpha	reg_lambda
0	0	0.8820568	0.8836738000000001	-0.001617000000000024	0.7813188	0.1	9.0	3	30	0	0.8	1.0	0	1
1	1	0.0	0.0	0.0	0.0	0.1	1.0	3	50	0	0.8	1.0	0	1
2	2	0.0	0.0	0.0	0.0	0.1	1.0	3	100	0	0.8	1.0	0	1
3	3	0.0	0.0	0.0	0.0	0.1	1.0	3	200	0	0.8	1.0	0	1
4	4	0.8864213999999999	0.8799002	0.0065211999999999605	0.79011	0.1	19.0	3	30	0.1	0.8	1.0	0	1
5	5	0.8954616	0.8909414	0.004520199999999974	0.8032968	0.1	19.0	3	30	0.5	0.8	1.0	0	1
6	6	0.8854778	0.885019	0.00045879999999998144	0.8032968	0.1	18.0	3	30	1	0.8	1.0	0	1
7	7	0.8954809999999999	0.908652	-0.013171000000000044	0.7873625999999999	0.1	9.0	3	30	0.5	0.9	1.0	0	1
8	8	0.9057888000000002	0.896082	0.009706800000000015	0.7807694	0.1	10.0	3	30	0.5	1.0	1.0	0	1
9	9	0.8932624	0.9059658	-0.012703400000000031	0.7719777999999999	0.1	8.0	3	30	0.5	0.9	1.0	0.1	1
10	10	0.9007698000000002	0.8922386	0.008531199999999961	0.782967	0.1	11.0	3	30	0.5	0.9	1.0	1	1
11	11	0.8942074	0.9098094	-0.015602000000000027	0.7774726000000001	0.1	8.0	3	30	0.5	0.9	1.0	0	0
12	12	0.9017278000000001	0.896082	0.005645800000000012	0.7835164	0.1	9.0	3	30	0.5	0.9	1.0	0	0.1
13	13	0.8976742	0.9011047999999999	-0.003430600000000017	0.782967	0.09	11.0	3	30	0.5	0.9	1.0	0	0
14	14	0.8948368	0.9074246	-0.012587799999999993	0.7763736	0.08	10.0	3	30	0.5	0.9	1.0	0	0
