	model_id	train_score	validate_score	score_gap	test_score	learning_rate	n_estimators	max_depth	min_child_weight	gamma	subsample	colsample_bytree	reg_alpha	reg_lambda
0	0	0.8845566	0.8874954	-0.002938799999999997	0.7835166	0.1	19	3	30	0	0.8	1.0	0	1
1	1	0.0	0.0	0.0	0.0	0.1	1	3	50	0	0.8	1.0	0	1
2	2	0.0	0.0	0.0	0.0	0.1	1	3	100	0	0.8	1.0	0	1
3	3	0.0	0.0	0.0	0.0	0.1	1	3	200	0	0.8	1.0	0	1
4	4	0.8870922	0.882333	0.004759199999999986	0.7851649999999999	0.1	19	3	30	0.1	0.8	1.0	0	1
5	5	0.8880016	0.873489	0.01451260000000001	0.7923078	0.1	19	3	30	0.5	0.8	1.0	0	1
6	6	0.8842749999999999	0.8934178000000002	-0.009142800000000006	0.7785716	0.1	5	3	30	1	0.8	1.0	0	1
7	7	0.8963978000000001	0.9022842000000001	-0.005886400000000047	0.7774726	0.1	9	3	30	1	0.9	1.0	0	1
8	8	0.8989522000000001	0.9110583999999999	-0.012106200000000001	0.762088	0.1	5	3	30	1	1.0	1.0	0	1
9	9	0.9051626	0.9085342000000001	-0.003371600000000008	0.7747256	0.1	9	3	30	1	1.0	1.0	0.1	1
10	10	0.904847	0.9061755999999999	-0.001328600000000013	0.7807694	0.1	9	3	30	1	1.0	1.0	1	1
11	11	0.9082741999999999	0.9185838000000001	-0.01030960000000003	0.7862640000000001	0.1	8	3	30	1	1.0	1.0	0	0
12	12	0.9042058000000001	0.9035812	0.0006245999999999974	0.7796706	0.1	9	3	30	1	1.0	1.0	0	0.1
13	13	0.9067162	0.9122858	-0.005569600000000041	0.7818684000000001	0.09	12	3	30	1	1.0	1.0	0	0
14	14	0.9057815999999999	0.9049482	0.0008334000000000064	0.792308	0.08	13	3	30	1	1.0	1.0	0	0
